 obs_sequence
obs_type_definitions
           1
           1 RADIOSONDE_U_WIND_COMPONENT    
  num_copies:            0  num_qc:            0
  num_obs:           10  max_num_obs:           10
  first:            1  last:           10
 OBS            1
          -1           2          -1
obdef
loc3d
     3.141592653589793        0.7853981633974483         85000.00000000000      2
kind
           1
 21600          0
   1.0000000000000000     
 OBS            2
           1           3          -1
obdef
loc3d
     3.141592653589793        0.7853981633974483         85000.00000000000      2
kind
           1
 43200          0
   1.0000000000000000     
 OBS            3
           2           4          -1
obdef
loc3d
     3.141592653589793        0.7853981633974483         85000.00000000000      2
kind
           1
 64800          0
   1.0000000000000000     
 OBS            4
           3           5          -1
obdef
loc3d
     3.141592653589793        0.7853981633974483         85000.00000000000      2
kind
           1
     0          1
   1.0000000000000000     
 OBS            5
           4           6          -1
obdef
loc3d
     3.141592653589793        0.7853981633974483         85000.00000000000      2
kind
           1
 21600          1
   1.0000000000000000     
 OBS            6
           5           7          -1
obdef
loc3d
     3.141592653589793        0.7853981633974483         85000.00000000000      2
kind
           1
 43200          1
   1.0000000000000000     
 OBS            7
           6           8          -1
obdef
loc3d
     3.141592653589793        0.7853981633974483         85000.00000000000      2
kind
           1
 64800          1
   1.0000000000000000     
 OBS            8
           7           9          -1
obdef
loc3d
     3.141592653589793        0.7853981633974483         85000.00000000000      2
kind
           1
     0          2
   1.0000000000000000     
 OBS            9
           8          10          -1
obdef
loc3d
     3.141592653589793        0.7853981633974483         85000.00000000000      2
kind
           1
 21600          2
   1.0000000000000000     
 OBS           10
           9          -1          -1
obdef
loc3d
     3.141592653589793        0.7853981633974483         85000.00000000000      2
kind
           1
 43200          2
   1.0000000000000000     
